1.477206000000000000e+06,2.420000000000000000e+02
1.477216000000000000e+06,2.310000000000000000e+02
1.477226000000000000e+06,2.440000000000000000e+02
1.477236000000000000e+06,2.310000000000000000e+02
1.477246000000000000e+06,2.330000000000000000e+02
1.477257000000000000e+06,2.420000000000000000e+02
1.477267000000000000e+06,2.300000000000000000e+02
1.477277000000000000e+06,2.430000000000000000e+02
1.477287000000000000e+06,2.350000000000000000e+02
1.477298000000000000e+06,2.310000000000000000e+02
1.477307000000000000e+06,2.420000000000000000e+02
1.477317000000000000e+06,2.290000000000000000e+02
1.477327000000000000e+06,2.410000000000000000e+02
1.477338000000000000e+06,2.370000000000000000e+02
1.477348000000000000e+06,2.290000000000000000e+02
1.477358000000000000e+06,2.410000000000000000e+02
1.477368000000000000e+06,2.280000000000000000e+02
1.477379000000000000e+06,2.350000000000000000e+02
1.477389000000000000e+06,2.380000000000000000e+02
1.477399000000000000e+06,2.280000000000000000e+02
1.477408000000000000e+06,2.410000000000000000e+02
1.477419000000000000e+06,2.270000000000000000e+02
1.477429000000000000e+06,2.300000000000000000e+02
1.477439000000000000e+06,2.400000000000000000e+02
1.477449000000000000e+06,2.270000000000000000e+02
1.477459000000000000e+06,2.400000000000000000e+02
1.477470000000000000e+06,2.310000000000000000e+02
1.477480000000000000e+06,2.290000000000000000e+02
1.477490000000000000e+06,2.390000000000000000e+02
1.477500000000000000e+06,2.260000000000000000e+02
1.477511000000000000e+06,2.390000000000000000e+02
1.477520000000000000e+06,2.340000000000000000e+02
1.477530000000000000e+06,2.270000000000000000e+02
1.477540000000000000e+06,2.380000000000000000e+02
1.477551000000000000e+06,2.250000000000000000e+02
1.477561000000000000e+06,2.340000000000000000e+02
1.477571000000000000e+06,2.350000000000000000e+02
1.477581000000000000e+06,2.260000000000000000e+02
1.477592000000000000e+06,2.380000000000000000e+02
1.477602000000000000e+06,2.240000000000000000e+02
1.477612000000000000e+06,2.290000000000000000e+02
1.477621000000000000e+06,2.360000000000000000e+02
1.477632000000000000e+06,2.250000000000000000e+02
1.477642000000000000e+06,2.370000000000000000e+02
1.477652000000000000e+06,2.270000000000000000e+02
1.477662000000000000e+06,2.250000000000000000e+02
1.477672000000000000e+06,2.360000000000000000e+02
1.477683000000000000e+06,2.230000000000000000e+02
1.477693000000000000e+06,2.350000000000000000e+02
1.477703000000000000e+06,2.330000000000000000e+02
1.477713000000000000e+06,2.230000000000000000e+02
1.477724000000000000e+06,2.360000000000000000e+02
1.477734000000000000e+06,2.230000000000000000e+02
1.477744000000000000e+06,2.300000000000000000e+02
1.477754000000000000e+06,2.340000000000000000e+02
1.477765000000000000e+06,2.230000000000000000e+02
1.477775000000000000e+06,2.350000000000000000e+02
1.477785000000000000e+06,2.230000000000000000e+02
1.477794000000000000e+06,2.250000000000000000e+02
1.477805000000000000e+06,2.350000000000000000e+02
1.477815000000000000e+06,2.220000000000000000e+02
1.477825000000000000e+06,2.350000000000000000e+02
1.477835000000000000e+06,2.260000000000000000e+02
1.477846000000000000e+06,2.240000000000000000e+02
1.477856000000000000e+06,2.340000000000000000e+02
1.477866000000000000e+06,2.210000000000000000e+02
1.477876000000000000e+06,2.340000000000000000e+02
1.477886000000000000e+06,2.300000000000000000e+02
1.477896000000000000e+06,2.230000000000000000e+02
1.477906000000000000e+06,2.340000000000000000e+02
1.477916000000000000e+06,2.210000000000000000e+02
1.477926000000000000e+06,2.270000000000000000e+02
1.477937000000000000e+06,2.300000000000000000e+02
1.477947000000000000e+06,2.210000000000000000e+02
1.477957000000000000e+06,2.330000000000000000e+02
1.477967000000000000e+06,2.200000000000000000e+02
1.477978000000000000e+06,2.230000000000000000e+02
1.477988000000000000e+06,2.310000000000000000e+02
1.477998000000000000e+06,2.200000000000000000e+02
1.478008000000000000e+06,2.330000000000000000e+02
1.478019000000000000e+06,2.240000000000000000e+02
1.478029000000000000e+06,2.220000000000000000e+02
1.478038000000000000e+06,2.320000000000000000e+02
1.478048000000000000e+06,2.190000000000000000e+02
1.478059000000000000e+06,2.300000000000000000e+02
1.478069000000000000e+06,2.280000000000000000e+02
1.478079000000000000e+06,2.190000000000000000e+02
1.478089000000000000e+06,2.320000000000000000e+02
1.478099000000000000e+06,2.190000000000000000e+02
1.478110000000000000e+06,2.230000000000000000e+02
1.478120000000000000e+06,2.310000000000000000e+02
1.478130000000000000e+06,2.190000000000000000e+02
1.478140000000000000e+06,2.320000000000000000e+02
1.478151000000000000e+06,2.240000000000000000e+02
1.478161000000000000e+06,2.190000000000000000e+02
1.478171000000000000e+06,2.310000000000000000e+02
1.478181000000000000e+06,2.180000000000000000e+02
1.478192000000000000e+06,2.280000000000000000e+02
1.478202000000000000e+06,2.290000000000000000e+02
1.478212000000000000e+06,2.180000000000000000e+02
0.000000000000000000e+00,0.000000000000000000e+00
